a)
        770
       /   \
      7     875
       \
        59
           \
           68
          /   \
        67    682
             /
            588
           /
         234
        /   \
      191    411
                \
                512
--------------------------------------------------------
b) 770, 7, 59, 68, 67, 682, 588, 234, 191, 411, 512, 875
--------------------------------------------------------
c) 67, 191, 512, 411, 234, 588, 682, 68, 59, 7, 875, 770
--------------------------------------------------------
d) 7, 59, 67, 68, 191, 234, 411, 512, 588, 682, 770, 875
